433.984131 100.888199
400.376343 102.936829
367.681213 105.235931
335.590393 107.651375
303.789246 109.367249
272.181488 111.082924
241.138000 112.694885
210.183701 114.028885
179.893158 115.747932
436.002014 128.082062
401.743896 130.378677
367.976837 132.325439
335.103912 134.861649
302.734528 136.359863
270.322113 137.896591
238.673508 139.115555
207.143875 140.797760
175.935059 142.134277
438.066925 157.872604
402.931885 159.633728
368.294159 161.211243
334.833771 162.952911
301.353058 164.349930
268.310333 165.736862
235.877045 166.990570
203.774719 168.714508
171.867096 169.995590
440.670013 188.016052
404.303558 189.294434
368.949554 190.951370
334.189636 192.181137
300.067963 193.656250
266.165253 194.897537
232.852570 196.087769
199.943970 197.789276
167.140457 199.007614
443.117126 220.007797
405.997345 221.167587
369.353394 222.304794
333.913818 223.621201
298.916748 224.899536
264.104340 226.020477
229.903107 227.178421
195.916733 228.269104
162.258789 229.670959
446.008972 254.279221
407.729095 255.243546
370.110840 256.072479
333.425598 256.664246
297.320435 257.792023
261.960846 259.037109
226.832260 260.031769
191.801590 260.963196
157.027191 261.902954
449.107452 290.724335
409.719482 291.062317
370.951080 291.678162
333.082245 291.899567
295.993134 292.797699
259.303650 293.819733
223.070923 294.601837
186.949860 295.108856
150.965515 295.869781
452.819061 328.993713
411.844696 329.231750
371.815460 329.327576
332.793121 329.664337
294.211243 329.995270
256.682892 330.845184
219.043930 331.158722
181.822830 331.845490
144.731598 332.159912
456.649139 370.327942
414.130981 370.061279
372.820618 369.946960
332.261261 369.842133
292.704102 369.889282
253.659210 370.093903
214.705124 370.394409
176.158539 370.771301
138.300354 371.095886
